0
1
3
6
2
7
13
20
oops!
12
21
11
22
10
23
9
24
8
25
43
62
42
63
41
18
42
17
43
16
44
15
45
14
46
79
113
78
114
77
39
78
38
79
37
80
36
81
35
82
34
83
33
84
32
85
31
86
30
87
29
88
28
89
27
90
26
91
157
224
156
225
155
226
154
227
153
228
152
75
153
74
154
73
155
72
156
71
157
70
158
69
159
68
160
67
161
66
162
65
163
64
164
265
367
264
368
263
369
262
370
261
151
40
152
265
379
494
378
495
377
258
138
259
137
260
136
261
135
262
134
5
135
4
136
269
403
268
132
269
131
270
130
271
129
272
128
273
127
274
126
275
125
276
124
277
123
278
122
279
121
280
120
281
119
282
118
283
117
284
116
285
115
286
458
631
457
632
456
633
455
634
454
635
453
636
452
267
453
266
454
643
833
642
450
257
451
256
60
257
59
258
58
259
57
260
56
261
55
262
54
263
53
264
52
265
51
266
50
267
49
268
48
269
47
270
494
719
493
720
492
721
491
722
490
723
489
254
490
253
491
252
492
251
493
250
494
249
495
248
496
247
497
246
498
245
499
244
500
243
501
242
502
241
503
240
504
239
505
238
506
237
507
236
508
235
509
234
510
233
511
232
512
231
513
230
514
229
515
802
1090
801
1091
800
1092
799
1093
798
1094
797
1095
796
1096
795
1097
794
1098
793
487
180
488
179
489
178
490
177
491
176
492
175
493
174
494
173
495
172
496
171
497
170
498
169
499
168
500
167
501
166
502
165
503
842
1182
841
1183
840
1184
839
1185
838
1186
837
1187
836
484
837
483
838
482
839
481
840
480
841
479
842
478
843
477
110
478
109
479
108
480
107
481
106
482
105
483
104
484
103
485
102
486
101
487
100
488
99
489
98
490
97
491
96
492
95
493
94
494
93
495
92
496
901
1307
900
1308
899
1309
898
1310
897
1311
896
1312
895
1313
894
474
895
473
896
472
897
471
898
470
899
469
900
468
901
467
902
466
903
465
904
464
905
463
906
462
907
461
908
460
909
459
910
1362
1815
1361
1816
1360
1817
1359
1818
1358
1819
1357
1820
1356
891
425
892
424
893
423
894
422
895
421
896
420
897
419
898
418
899
417
900
416
901
415
902
414
903
413
904
412
905
411
906
410
907
409
908
408
909
407
910
406
911
405
912
404
913
1423
1934
1422
1935
1421
1936
1420
1937
1419
1938
1418
1939
1417
1940
1416
1941
1415
888
360
889
359
890
358
891
357
892
356
893
355
894
354
895
353
896
352
897
351
898
350
899
349
900
348
901
347
902
346
903
345
904
344
905
343
906
342
907
341
908
340
909
339
910
338
911
337
912
336
913
335
914
334
915
333
916
332
917
331
918
330
919
329
920
328
921
327
922
326
923
325
924
324
925
323
926
322
927
321
928
320
929
319
930
318
931
317
932
316
933
315
934
314
935
313
936
312
937
311
938
310
939
309
940
308
941
307
942
306
943
305
944
304
945
303
946
302
947
301
948
300
949
299
950
298
951
297
952
296
953
295
954
294
955
293
956
292
957
291
958
290
959
289
960
288
961
287
962
1638
2315
1637
2316
1636
2317
1635
2318
1634
2319
1633
2320
1632
2321
1631
2322
1630
2323
1629
2324
1628
2325
1627
2326
1626
2327
1625
2328
1624
2329
1623
2330
1622
2331
1621
2332
1620
2333
1619
2334
1618
2335
1617
2336
1616
2337
1615
2338
1614
2339
1613
886
1614
885
1615
884
1616
883
149
884
148
885
147
886
146
887
145
888
144
889
143
890
142
891
141
892
140
893
139
894
1650
2407
1649
2408
1648
2409
1647
2410
1646
881
1647
880
112
881
111
882
1654
2427
1653
878
1654
877
1655
876
1656
875
1657
874
1658
873
1659
872
1660
871
1661
870
1662
869
1663
868
1664
867
1665
866
1666
865
1667
864
1668
863
1669
862
1670
861
1671
860
1672
859
1673
858
1674
857
1675
856
1676
855
1677
854
1678
853
1679
852
1680
851
1681
850
1682
849
1683
848
1684
847
1685
846
1686
845
1687
844
1688
2533
3379
2532
3380
2531
3381
2530
3382
2529
3383
2528
3384
2527
3385
2526
3386
2525
3387
2524
3388
2523
3389
2522
3390
2521
1651
780
1652
779
1653
778
1654
777
1655
776
1656
775
1657
774
1658
773
1659
772
1660
771
1661
770
1662
769
1663
768
1664
767
1665
766
1666
765
1667
764
1668
763
1669
762
1670
761
1671
760
1672
759
1673
758
1674
757
1675
756
1676
755
1677
754
1678
753
1679
752
1680
751
1681
750
1682
749
1683
748
1684
747
1685
746
1686
745
1687
744
1688
743
1689
742
1690
741
1691
740
1692
739
1693
738
1694
737
1695
736
1696
735
1697
734
1698
733
1699
732
1700
731
1701
730
1702
729
1703
728
1704
727
1705
726
1706
725
1707
724
1708
2693
3679
2692
3680
2691
3681
2690
3682
2689
3683
2688
3684
2687
3685
2686
3686
2685
3687
2684
3688
2683
3689
2682
3690
2681
3691
2680
3692
2679
3693
2678
3694
2677
3695
2676
3696
2675
3697
2674
3698
2673
3699
2672
1644
615
1645
614
1646
613
1647
612
1648
611
1649
610
1650
609
1651
608
1652
607
1653
606
1654
605
1655
604
1656
603
1657
602
1658
601
1659
600
1660
599
1661
598
1662
597
1663
596
1664
595
1665
594
1666
593
1667
592
1668
591
1669
590
1670
589
1671
588
1672
587
1673
586
1674
585
1675
584
1676
583
1677
582
1678
581
1679
580
1680
579
1681
578
1682
577
1683
576
1684
575
1685
574
1686
573
1687
572
1688
571
1689
570
1690
569
1691
568
1692
567
1693
566
1694
565
1695
564
1696
563
1697
562
1698
561
1699
560
1700
559
1701
558
1702
557
1703
556
1704
555
1705
554
1706
553
1707
552
1708
551
1709
550
1710
549
1711
548
1712
547
1713
546
1714
545
1715
544
1716
543
1717
542
1718
541
1719
540
1720
539
1721
538
1722
537
1723
536
1724
535
1725
534
1726
533
1727
532
1728
531
1729
530
1730
529
1731
528
1732
527
1733
526
1734
525
1735
524
1736
523
1737
522
1738
521
1739
520
1740
519
1741
518
1742
517
1743
516
1744
2973
4203
2972
4204
2971
4205
2970
4206
2969
4207
2968
4208
2967
4209
2966
4210
2965
4211
2964
4212
2963
4213
2962
4214
2961
4215
2960
4216
2959
4217
2958
4218
2957
4219
2956
4220
2955
4221
2954
4222
2953
4223
2952
4224
2951
4225
2950
4226
2949
4227
2948
4228
2947
4229
2946
4230
2945
4231
2944
4232
2943
4233
2942
4234
2941
4235
2940
4236
2939
1641
2940
1640
2941
1639
2942
4246
5551
4245
2938
4246
2937
4247
2936
4248
2935
4249
2934
4250
2933
4251
2932
1612
2933
1611
2934
1610
2935
1609
2936
1608
2937
1607
2938
1606
2939
1605
2940
1604
2941
1603
2942
1602
2943
1601
2944
1600
255
1601
2948
4296
5645
4295
5646
4294
5647
4293
5648
4292
5649
4291
5650
4290
2929
1567
204
1568
203
1569
202
1570
201
1571
200
1572
199
1573
198
1574
197
1575
196
1576
195
1577
194
1578
193
1579
192
1580
191
1581
190
1582
189
1583
188
1584
187
1585
186
1586
185
1587
184
1588
183
1589
182
1590
181
1591
3002
4414
3001
4415
3000
4416
2999
4417
2998
4418
2997
4419
2996
4420
2995
4421
2994
1566
2995
1565
2996
1564
2997
1563
2998
1562
2999
1561
3000
1560
3001
1559
3002
1558
3003
1557
3004
1556
3005
1555
3006
1554
3007
1553
3008
1552
3009
1551
3010
1550
3011
1549
3012
1548
3013
1547
3014
1546
3015
1545
3016
1544
3017
1543
3018
1542
3019
1541
3020
1540
3021
1539
3022
1538
3023
1537
3024
1536
3025
1535
3026
1534
3027
1533
3028
1532
3029
1531
3030
1530
3031
1529
3032
1528
3033
1527
3034
1526
3035
1525
3036
1524
3037
1523
3038
1522
3039
1521
3040
1520
3041
1519
3042
1518
3043
1517
3044
1516
3045
1515
3046
1514
3047
1513
3048
1512
3049
1511
3050
1510
3051
1509
3052
1508
3053
1507
3054
1506
3055
1505
3056
1504
3057
1503
3058
1502
3059
1501
3060
1500
3061
1499
3062
1498
3063
1497
3064
1496
3065
1495
3066
1494
3067
1493
3068
1492
3069
1491
3070
1490
3071
1489
3072
1488
3073
1487
3074
1486
3075
1485
3076
1484
3077
1483
3078
1482
3079
1481
3080
1480
3081
1479
3082
1478
3083
1477
3084
1476
3085
1475
3086
1474
3087
1473
3088
1472
3089
1471
3090
1470
3091
1469
3092
1468
3093
1467
3094
1466
3095
1465
3096
1464
3097
1463
3098
1462
3099
1461
3100
1460
3101
1459
3102
1458
3103
1457
3104
1456
3105
1455
3106
1454
3107
1453
3108
1452
3109
1451
3110
1450
3111
1449
3112
1448
3113
1447
3114
1446
3115
1445
3116
1444
3117
1443
3118
1442
3119
1441
3120
1440
3121
1439
3122
1438
3123
1437
3124
1436
3125
1435
3126
1434
3127
1433
3128
1432
3129
1431
3130
1430
3131
1429
3132
1428
3133
1427
3134
1426
3135
1425
3136
1424
3137
4851
6566
4850
6567
4849
6568
4848
6569
4847
6570
4846
6571
4845
6572
4844
6573
4843
6574
4842
6575
4841
6576
4840
6577
4839
6578
4838
6579
4837
6580
4836
6581
4835
6582
4834
6583
4833
6584
4832
6585
4831
6586
4830
6587
4829
6588
4828
6589
4827
6590
4826
6591
4825
6592
4824
6593
4823
6594
4822
6595
4821
6596
4820
6597
4819
6598
4818
6599
4817
6600
4816
6601
4815
6602
4814
6603
4813
6604
4812
6605
4811
6606
4810
6607
4809
6608
4808
6609
4807
6610
4806
6611
4805
6612
4804
6613
4803
2992
1180
2993
1179
2994
1178
2995
1177
2996
1176
2997
1175
2998
1174
2999
1173
3000
1172
3001
1171
3002
1170
3003
1169
3004
1168
3005
1167
3006
1166
3007
1165
3008
1164
3009
1163
3010
1162
3011
1161
3012
1160
3013
1159
3014
1158
3015
1157
3016
1156
3017
1155
3018
1154
3019
1153
3020
1152
3021
1151
3022
1150
3023
1149
3024
1148
3025
1147
3026
1146
3027
1145
3028
1144
3029
1143
3030
1142
3031
1141
3032
1140
3033
1139
3034
1138
3035
1137
3036
1136
3037
1135
3038
1134
3039
1133
3040
1132
3041
1131
3042
1130
3043
1129
3044
1128
3045
1127
3046
1126
3047
1125
3048
1124
3049
1123
3050
1122
3051
1121
3052
1120
3053
1119
3054
1118
3055
1117
3056
1116
3057
1115
3058
1114
3059
1113
3060
1112
3061
1111
3062
1110
3063
1109
3064
1108
3065
1107
3066
1106
3067
1105
3068
1104
3069
1103
3070
1102
3071
1101
3072
1100
3073
1099
3074
5050
7027
5049
7028
5048
7029
5047
7030
5046
7031
5045
7032
5044
7033
5043
7034
5042
7035
5041
7036
5040
7037
5039
7038
5038
